ID       DLC Data                    Period Count  Comment
0CFF3386 8   00 47 00 20 71 4B 06 01 0      399    (Indra)
0CFF3387 4   00 15 01 00             0      456    (Indra)
0CFF3388 8   50 00 2D 8B 50 00 2D 8B 0      266    (Gading)
11F      8   00 00 00 00 00 00 00 00 0      1711   (Gading)
121      8   00 DF DF 00 03 B6 2A 00 0      1740   (Indra)
12FF0001 7   F1 01 0E 00 0C 6B DE    0      4      
12FF0001 4   F2 01 00 76             0      6      
12FF0001 8   01 FF FF 00 70 00 11 00 0      1      
12FF0100 8   F0 00 C4 0C 00 76 00 11 0      6      
12FFFF00 7   F1 00 90 00 11 B1 E0    0      4      
12FFFF00 8   00 00 00 00 00 00 00 00 0      6      
12FFFF00 4   00 00 00 00             0      1      
12FFFF03 8   03 00 00 00 00 00 00 00 0      5      
12FFFF03 7   F1 03 26 00 11 B1 E0    0      3      
12FFFF03 4   03 00 00 00             0      2      
12FFFF03 3   F1 03 26                0      1      
12FFFF20 8   20 00 00 00 00 00 00 00 0      2      
12FFFF20 7   F1 20 D4 00 11 B1 E0    0      1      
12FFFF20 3   F1 20 EA                0      1      
12FFFF20 4   20 00 00 00             0      1      
13030000 8   02 02 0F 00 00 00 00 00 0      16     
13030001 8   04 04 52 00 00 00 00 00 0      17     
13030002 8   02 02 0F 00 00 00 00 00 0      19     
13030003 8   00 00 0F 00 00 00 00 00 0      23     
13030020 8   00 00 0F 00 00 00 00 00 0      20     
13030030 8   00 00 0F 00 00 00 00 00 0      24     
16FF0020 8   F0 20 C4 14 0D 6D 00 0F 0      32     (Gading)
16FF0020 4   F2 20 00 75             0      14     
16FF0020 6   F0 20 C4 28 0D 6B       0      19     
16FF0020 3   F1 20 1F                0      6      
16FF0020 7   F1 20 1F 00 0E F4 6C    0      9      
16FF0120 3   F1 20 E2                0      1      
16FF0120 2   20 1D                   0      1      
16FF0120 8   20 C3 06 0D 28 00 00 04 0      1      
16FF0120 7   F1 20 E2 00 08 DF 64    0      1      
16FF0320 8   20 C3 06 0D 66 00 00 04 0      19     
16FF0320 7   F1 20 1E 00 08 7A D6    0      19     
16FF0320 3   F1 20 18                0      13     
16FF0320 2   20 48                   0      13     
16FF0320 4   F2 20 00 28             0      1      
16FF2000 7   F3 00 0D 6D 00 00 00    0      29     (Gading)
16FF2000 4   F2 00 0D 6D             0      26     
16FF2000 3   F1 00 A1                0      10     
16FF2000 8   00 C4 2C 00 7A 00 00 00 0      37    (Gading)
16FF2000 5   00 00 00 00 00          0      2      
16FF2000 6   00 00 00 00 00 16       0      3      
16FF2001 7   F1 01 0B 00 16 A2 90    0      1      
16FF2001 4   F2 01 0D 2E             0      1      
16FF2001 2   01 00                   0      1      
16FF2001 8   01 3D C6 76 C9 41 CB 20 0      3      
16FF2003 8   F3 03 0D 66 38 82 FC 20 0      17     
16FF2003 4   F2 03 0D 62             0      7      
16FF2003 3   F1 03 20                0      2      
16FFFF20 8   20 04 09 F3 0C 17 0C 0C 0      16     
16FFFF20 7   F1 20 14 00 10 54 98    0      10     
16FFFF20 3   F1 20 1A                0      9      
18FECA00 8   00 FF 00 00 00 00 FF FF 0      24     
21F      8   68 06 00 00 00 00 00 00 0      1346   (Gading)
221      8   54 05 00 00 00 00 00 00 0      1399   (Indra)

